3
13 13

1	16	1	16	15	1	0	1	0	11	12	13	0
1	0	1	15	0	102	0	1	105	0	19	0	101
1	102	1	1	1	1	0	1	81	1	1	1	82
1	0	0	15	0	0	101	0	0	15	0	0	0
1	0	1	1	1	1	1	81	1	1	1	1	0
1	101	1	18	11	0	1	13	1	19	0	82	105
1	102	1	15	0	102	1	12	113	0	11	1	0
1	0	1	1	1	81	1	109	1	1	1	1	0
1	0	0	0	109	0	0	0	0	0	0	0	0
1	113	1	1	1	1	1	1	1	109	1	81	1
0	0	1	18	1	0	13	12	15	0	1	114	0
11	0	103	0	81	0	1	1	81	1	1	0	19
18	15	1	87	1	1	1	19	102	18	1	11	12


1	1	1	1	1	1	1	0	103	0	15	19	0
1	1	1	1	0	11	0	0	1	81	1	1	105
1	22	0	1	0	1	1	81	1	114	0	1	0
1	0	114	82	102	1	0	109	1	87	19	1	0
1	18	0	1	0	1	16	13	1	0	113	1	15
1	1	1	1	0	1	1	1	1	1	82	1	0
1	0	15	0	81	113	0	12	19	0	109	0	0
1	109	1	113	1	0	105	0	1	1	1	1	1
1	13	1	13	1	1	81	1	1	11	12	16	1
1	103	1	105	1	0	11	0	1	18	0	15	1
1	0	15	0	1	113	0	102	1	0	114	0	1
1	81	1	1	1	81	1	82	1	1	81	1	1
1	0	0	88	0	0	101	0	18	15	15	16	1


0	0	0	0	0	0	1	0	0	40	0	0	1
0	0	0	0	0	0	1	0	0	113	0	0	1
0	0	0	0	0	0	1	1	1	113	1	1	1
0	0	0	0	0	0	0	0	1	88	1	0	0
0	0	0	0	0	0	0	0	1	1	1	0	0
0	0	0	0	0	0	0	0	0	0	0	0	0
0	0	0	0	0	0	0	0	0	0	0	0	0
0	0	0	0	0	0	0	0	0	0	0	0	0
0	0	0	0	0	0	0	0	0	0	0	0	0
0	0	0	0	0	0	0	0	0	0	0	0	0
0	0	0	0	0	0	0	0	0	0	0	0	0
0	0	0	0	0	0	0	0	0	0	0	0	0
0	0	0	0	0	0	0	0	0	0	0	0	0


2 2 5 100 250 0 0 10 10

7
101 130 17 4 0 0
102 148 20 5 0 0
105 113 24 6 0 0
103 189 28 6 0 0
113 222 40 3 0 0
109 150 50 0 2 0
114 343 51 10 0 0

999999 0 0 0 0 0

1000 10 10 0 0 0 0 0 0 0 6

