0 地面
1/2/6 墙
3 岩浆
4 星空
5 铁门

10 闪电 LP-100
11 红宝石
12 蓝宝石
13 敌人信息手册
14 钥匙盒
15 黄钥匙
16 蓝钥匙
17 红钥匙
18 红药水
19 蓝药水
20 初级剑
21 初级盾
22 金币
23 飞行器
24 十字架
25 中级剑
26 中级盾
27 飞行器
28 锄头
29 大飞羽
30 圣水
31 高级剑
32 高级盾

41 0楼老人
42 3楼老人
43 4楼老人
44 6楼老人
45 6楼商店
46 7楼商人（魔杖）
47 11楼老人
48 17楼老人
49 12楼老人
50 12楼商店
51 14楼商人（飞行器）
52 8楼商人（血）
53 13楼商人（血）
54 17楼仙子（试炼之地）
55 试炼1层仙子
56 试炼2层仙子
57 试炼3层仙子


69 水晶（上部）
70 水晶（下部）

81 - 1 黄色的门
82 - 2 蓝色的门
83 - 3 红色的门
84 - 4 特殊门
85 - 5 商店左
86 - 6 商店右
87 - 7 上楼楼梯
88 - 8 下楼楼梯


101 绿色史莱姆  50 20 1 1 1
102 红色史莱姆  70 15 2 2 2
103 青头怪      200 35 10 5 5
104 史莱姆王    700 250 125 32 30
105 小蝙蝠      100 20 5 3 3
106 大蝙蝠      150 65 30 10 8
107 红蝙蝠      550 160 95 25 20
108 冥灵魔王    30000 2100 1700 250 220
109 初级法师    125 50 25 10 7
110 高级法师    1000 200 110 30 25
111 初级巫师    500 120 70 20 17      魔攻
112 高级巫师    1234 400 260 47 45    魔攻
113 骷髅人      110 25 5 5 4
114 骷髅士兵    150 40 20 8 6
115 骷髅队长    400 90 50 15 12
116 冥队长      2500 880 790 80 72
117 兽人        300 75 45 13 10
118 兽面武士    900 450 330 50 50
119 石头人      500 95 0 15 15        坚固
120 影子战士    3100 1250 1050 92 80
121 初级卫兵    450 150 90 22 19
122 中级卫兵    1250 500 400 55 55
123 高级卫兵    1500 560 460 60 60
124 双手剑士    1200 620 520 65 75
125 冥战士      2000 680 590 70 65
126 初级骑士    850 350 200 45 40
127 高级骑士    900 750 650 77 70
128 灵武士      1200 980 900 88 75
129 红衣魔王    15000 1000 1000 100 100
130 魔法警卫    1300 300 150 40 35    吸血
131 灵法师      1500 830 730 80 70    吸血
136 冥队长      3333 1200 1133 112 100
138 冥灵魔王    50000 3300 2600 0 0
139 铁面人      50 1221 0 127 111     坚固
146 高级巫师    4000 2500 1500 0 0    魔攻
147 铁面人      100 2333 0 0 0        坚固
148 灵武士      1600 1306 1200 117 100
149 红衣魔王    20000 1777 1444 133 133

201 感叹号（亮）
202 感叹号（暗）
203 上箭头
204 左箭头
205 右箭头
206 下箭头
207 暗墙
208 传送门
209 花
210 箱子
211 花+箱子